$ANSIBLE_VAULT;1.1;AES256
30326161633538373735633961323864643162306135656364396635393539373038666434313337
3731396336633961383639626333383833656666323538350a396661326434633730626333373962
39663235366234643436613034393739346536653037373464663937633438323539376438376334
3831366338383065330a363431366136653661646433633361663963613235663333396265313236
34363033373433396461623639653838393632333561653466313431316435363630323830356631
61336632393232636438643962323536636530653561303635643438633962343765623439366431
36393761346261336333663030373339366235306565393465623165336464336133386239323062
65316231353465363436326230663435353931663838663162643431626330636637336633626132
33316239313636326262643639326634313766643233386235323664616636373235373665363865
35623761393736623730393265623635346462643463333735643464636334616635306632383533
63393636306165346530363631633438643539353736653432616164653130666231383661363433
37623437323632656336663738653962306666353632303637633135316131306336323331653639
37386638653233613733303438653166636634393161313730386663663339386531633764633064
32353862323736366461306531313266346235313264396338343434373365356662666134633563
64303538393634326165613862663064373030383830623531316334363261636364666633643132
65333362646436346135383666626638333731313130623730646561376363643032306333626263
62333338363065636333306239363062663733376636643532336631396437346136306534323063
36373466383230646665613664666161663630333966346235363161333763323331373831373365
64336531383332363430376136396465356637363265643436393031653665363830393663393665
31373434306436393138373065646533396136653531656339623430356664626261633132336363
31326537363465626132663463373339663061306535363730323032383138633264636333393065
38306464613937393033616232333632343364626164636531663661303431353836353231323865
64323564363735663230393162393739343332386233333730386165663939623130636331386161
65623938646430353634626339303935363064396461623939323831333339613137346338613964
6666
